1 2
2 3
2 6
3 7
7 6
7 11
6 10
10 11
10 20
11 21
14 15
14 24
24 195
24 25
25 15
25 26
15 16
16 26
16 17
26 27
27 17
27 28
17 18
18 28
18 19
19 191
28 29
29 19
29 30
29 34
19 20
20 30
20 21
21 31
30 35
30 31
31 36
34 35
35 36
35 45
36 46
45 61
45 46
46 62
4 5
4 8
5 194
5 9
8 9
8 12
9 13
12 22
12 13
13 23
22 23
22 32
23 33
32 33
32 37
33 38
37 38
37 53
38 39
38 54
39 193
39 40
39 55
40 56
40 41
41 42
41 57
42 58
42 43
43 59
43 44
44 60
60 59
60 71
60 196
59 70
59 58
58 69
58 57
57 68
57 56
56 67
56 55
55 66
55 54
54 65
54 53
53 64
53 52
52 63
52 51
51 50
50 49
49 48
48 47
47 46
61 72
61 62
62 73
63 74
63 64
64 75
64 65
65 66
66 189
66 67
67 68
68 69
70 71
72 76
72 73
73 78
74 75
74 79
75 80
76 86
76 77
77 87
77 78
78 88
79 89
79 80
80 90
81 82
82 83
83 190
83 84
84 85
85 86
86 91
86 87
87 92
87 88
88 93
89 94
89 90
90 95
91 96
91 92
92 97
92 93
93 98
94 99
95 100
95 189
96 101
96 97
97 102
97 98
98 103
99 104
99 100
100 105
101 102
101 106
102 103
102 107
103 108
104 105
104 114
105 115
106 119
106 188
106 107
107 108
107 120
108 109
108 121
109 110
109 122
110 111
110 123
111 124
111 112
112 125
112 113
113 126
113 114
114 127
114 115
115 128
115 116
116 129
116 117
117 130
117 118
118 131
119 141
119 120
120 142
120 121
121 122
122 186
122 123
123 124
124 125
125 126
126 127
127 186
127 128
128 129
129 143
129 130
130 144
130 131
131 145
131 132
132 146
132 133
133 147
133 134
134 148
134 135
135 149
136 151
136 137
137 152
137 138
138 153
138 139
139 154
139 140
140 155
140 141
141 156
141 142
142 157
143 158
143 144
144 159
144 145
145 146
146 187
146 147
147 148
148 149
149 150
151 197
151 152
152 153
153 154
154 155
155 160
155 156
156 161
156 157
157 162
158 163
158 159
159 164
160 185
160 161
161 165
161 162
162 186
162 166
163 186
163 167
163 164
164 168
165 169
165 166
166 170
167 171
167 168
168 172
169 173
169 170
170 174
171 175
171 172
172 176
173 174
174 177
175 182
175 176
177 178
178 179
179 183
180 184
180 181
181 182